|2|0|1|0|
|1|2|2|0|
|2|1|1|0|
|1|1|2|0|
	1	0
|2|0|1|0|
|1|2|2|0|
|2|1|1|0|
|1|1|2|0|
	3	0


|0|0|0|0|
|0|0|0|0|
|1|0|0|0|
|1|2|0|0|
	0	0
|0|0|0|0|
|0|0|0|0|
|1|0|0|0|
|1|2|0|0|
	1	0
|0|0|0|0|
|0|0|0|0|
|1|0|0|0|
|1|2|0|0|
	2	0
|0|0|0|0|
|0|0|0|0|
|1|0|0|0|
|1|2|0|0|
	3	0


|2|1|0|0|
|1|2|0|0|
|2|1|0|0|
|1|1|2|0|
	2	0
|2|1|0|0|
|1|2|0|0|
|2|1|0|0|
|1|1|2|0|
	3	0


|1|0|0|0|
|2|0|0|0|
|1|2|0|0|
|1|2|1|0|
	1	0
|1|0|0|0|
|2|0|0|0|
|1|2|0|0|
|1|2|1|0|
	2	0
|1|0|0|0|
|2|0|0|0|
|1|2|0|0|
|1|2|1|0|
	3	0


|1|2|0|0|
|1|1|0|0|
|2|2|0|2|
|1|2|0|1|
	2	-100
|1|2|0|0|
|1|1|0|0|
|2|2|0|2|
|1|2|0|1|
	3	0


|1|2|0|0|
|1|1|0|0|
|2|2|0|0|
|1|2|0|0|
	2	-100
|1|2|0|0|
|1|1|0|0|
|2|2|0|0|
|1|2|0|0|
	3	0


|2|1|0|0|
|1|2|2|0|
|2|1|1|0|
|1|1|2|0|
	2	0
|2|1|0|0|
|1|2|2|0|
|2|1|1|0|
|1|1|2|0|
	3	0


|1|2|0|0|
|1|1|0|1|
|2|2|0|2|
|1|2|0|1|
	2	0
|1|2|0|0|
|1|1|0|1|
|2|2|0|2|
|1|2|0|1|
	3	0


|1|2|0|0|
|1|1|0|0|
|2|2|0|0|
|1|2|0|1|
	2	0
|1|2|0|0|
|1|1|0|0|
|2|2|0|0|
|1|2|0|1|
	3	0


|1|0|0|0|
|1|0|0|0|
|2|2|0|0|
|1|2|0|0|
	1	0
|1|0|0|0|
|1|0|0|0|
|2|2|0|0|
|1|2|0|0|
	2	0
|1|0|0|0|
|1|0|0|0|
|2|2|0|0|
|1|2|0|0|
	3	0


|1|0|0|0|
|2|0|0|0|
|1|0|0|0|
|1|2|0|0|
	1	0
|1|0|0|0|
|2|0|0|0|
|1|0|0|0|
|1|2|0|0|
	2	0
|1|0|0|0|
|2|0|0|0|
|1|0|0|0|
|1|2|0|0|
	3	0


|1|0|0|0|
|1|0|0|0|
|2|0|0|0|
|1|2|0|0|
	1	0
|1|0|0|0|
|1|0|0|0|
|2|0|0|0|
|1|2|0|0|
	2	0
|1|0|0|0|
|1|0|0|0|
|2|0|0|0|
|1|2|0|0|
	3	0


|1|0|0|0|
|2|0|0|0|
|1|2|0|0|
|1|2|0|1|
	1	0
|1|0|0|0|
|2|0|0|0|
|1|2|0|0|
|1|2|0|1|
	2	0
|1|0|0|0|
|2|0|0|0|
|1|2|0|0|
|1|2|0|1|
	3	0


|1|0|0|0|
|2|0|0|0|
|1|2|0|0|
|1|2|0|0|
	1	-11200
|1|0|0|0|
|2|0|0|0|
|1|2|0|0|
|1|2|0|0|
	2	-11100
|1|0|0|0|
|2|0|0|0|
|1|2|0|0|
|1|2|0|0|
	3	-11100


|0|0|0|0|
|0|0|0|0|
|2|0|0|0|
|1|0|0|0|
	0	0
|0|0|0|0|
|0|0|0|0|
|2|0|0|0|
|1|0|0|0|
	1	0
|0|0|0|0|
|0|0|0|0|
|2|0|0|0|
|1|0|0|0|
	2	0
|0|0|0|0|
|0|0|0|0|
|2|0|0|0|
|1|0|0|0|
	3	0


|2|0|0|0|
|1|0|0|0|
|2|1|0|0|
|1|1|2|0|
	1	0
|2|0|0|0|
|1|0|0|0|
|2|1|0|0|
|1|1|2|0|
	2	0
|2|0|0|0|
|1|0|0|0|
|2|1|0|0|
|1|1|2|0|
	3	0


|1|2|0|0|
|1|1|0|0|
|2|2|0|2|
|1|2|1|1|
	2	0
|1|2|0|0|
|1|1|0|0|
|2|2|0|2|
|1|2|1|1|
	3	0


|1|2|0|2|
|1|1|0|1|
|2|2|0|2|
|1|2|1|1|
	2	0


|0|0|0|0|
|0|0|0|0|
|0|0|0|0|
|0|0|0|0|
	0	0
|0|0|0|0|
|0|0|0|0|
|0|0|0|0|
|0|0|0|0|
	1	0
|0|0|0|0|
|0|0|0|0|
|0|0|0|0|
|0|0|0|0|
	2	0
|0|0|0|0|
|0|0|0|0|
|0|0|0|0|
|0|0|0|0|
	3	0


|1|0|0|0|
|1|1|0|0|
|2|2|0|0|
|1|2|0|0|
	1	0
|1|0|0|0|
|1|1|0|0|
|2|2|0|0|
|1|2|0|0|
	2	0
|1|0|0|0|
|1|1|0|0|
|2|2|0|0|
|1|2|0|0|
	3	0


|1|0|0|0|
|2|1|0|0|
|1|2|0|0|
|1|2|0|0|
	1	0
|1|0|0|0|
|2|1|0|0|
|1|2|0|0|
|1|2|0|0|
	2	0
|1|0|0|0|
|2|1|0|0|
|1|2|0|0|
|1|2|0|0|
	3	0


|0|0|0|0|
|1|0|0|0|
|2|0|0|0|
|1|0|0|0|
	0	0
|0|0|0|0|
|1|0|0|0|
|2|0|0|0|
|1|0|0|0|
	1	0
|0|0|0|0|
|1|0|0|0|
|2|0|0|0|
|1|0|0|0|
	2	0
|0|0|0|0|
|1|0|0|0|
|2|0|0|0|
|1|0|0|0|
	3	0


|1|2|0|0|
|1|1|0|0|
|2|2|0|0|
|1|2|1|0|
	2	0
|1|2|0|0|
|1|1|0|0|
|2|2|0|0|
|1|2|1|0|
	3	0


|2|2|1|0|
|1|2|2|0|
|2|1|1|0|
|1|1|2|1|
	3	0


|0|0|0|0|
|1|0|0|0|
|2|0|0|0|
|1|2|0|0|
	0	0
|0|0|0|0|
|1|0|0|0|
|2|0|0|0|
|1|2|0|0|
	1	0
|0|0|0|0|
|1|0|0|0|
|2|0|0|0|
|1|2|0|0|
	2	0
|0|0|0|0|
|1|0|0|0|
|2|0|0|0|
|1|2|0|0|
	3	0


|2|2|1|0|
|1|2|2|0|
|2|1|1|0|
|1|1|2|0|
	3	-17500


|2|0|0|0|
|1|2|0|0|
|2|1|0|0|
|1|1|2|0|
	1	-100
|2|0|0|0|
|1|2|0|0|
|2|1|0|0|
|1|1|2|0|
	2	0
|2|0|0|0|
|1|2|0|0|
|2|1|0|0|
|1|1|2|0|
	3	0


|0|0|0|0|
|2|0|0|0|
|1|0|0|0|
|1|2|0|0|
	0	0
|0|0|0|0|
|2|0|0|0|
|1|0|0|0|
|1|2|0|0|
	1	0
|0|0|0|0|
|2|0|0|0|
|1|0|0|0|
|1|2|0|0|
	2	0
|0|0|0|0|
|2|0|0|0|
|1|0|0|0|
|1|2|0|0|
	3	0


|2|0|0|0|
|1|2|2|0|
|2|1|1|0|
|1|1|2|0|
	1	-100
|2|0|0|0|
|1|2|2|0|
|2|1|1|0|
|1|1|2|0|
	2	0
|2|0|0|0|
|1|2|2|0|
|2|1|1|0|
|1|1|2|0|
	3	0


|2|0|0|0|
|1|0|0|0|
|2|0|0|0|
|1|1|0|0|
	1	0
|2|0|0|0|
|1|0|0|0|
|2|0|0|0|
|1|1|0|0|
	2	0
|2|0|0|0|
|1|0|0|0|
|2|0|0|0|
|1|1|0|0|
	3	0


|2|0|0|0|
|1|0|0|0|
|2|0|0|0|
|1|1|2|0|
	1	0
|2|0|0|0|
|1|0|0|0|
|2|0|0|0|
|1|1|2|0|
	2	0
|2|0|0|0|
|1|0|0|0|
|2|0|0|0|
|1|1|2|0|
	3	0


|2|0|0|0|
|1|0|0|0|
|2|0|0|0|
|1|0|0|0|
	1	0
|2|0|0|0|
|1|0|0|0|
|2|0|0|0|
|1|0|0|0|
	2	0
|2|0|0|0|
|1|0|0|0|
|2|0|0|0|
|1|0|0|0|
	3	0


|1|2|0|2|
|1|1|0|1|
|2|2|0|2|
|1|2|0|1|
	2	-14800


|2|0|0|0|
|1|2|0|0|
|2|1|1|0|
|1|1|2|0|
	1	0
|2|0|0|0|
|1|2|0|0|
|2|1|1|0|
|1|1|2|0|
	2	0
|2|0|0|0|
|1|2|0|0|
|2|1|1|0|
|1|1|2|0|
	3	0


|0|0|0|0|
|0|0|0|0|
|0|0|0|0|
|1|0|0|0|
	0	0
|0|0|0|0|
|0|0|0|0|
|0|0|0|0|
|1|0|0|0|
	1	0
|0|0|0|0|
|0|0|0|0|
|0|0|0|0|
|1|0|0|0|
	2	0
|0|0|0|0|
|0|0|0|0|
|0|0|0|0|
|1|0|0|0|
	3	0


|0|0|0|0|
|0|0|0|0|
|0|0|0|0|
|1|2|0|0|
	0	0
|0|0|0|0|
|0|0|0|0|
|0|0|0|0|
|1|2|0|0|
	1	0
|0|0|0|0|
|0|0|0|0|
|0|0|0|0|
|1|2|0|0|
	2	0
|0|0|0|0|
|0|0|0|0|
|0|0|0|0|
|1|2|0|0|
	3	0


