[9.865851770620824E-6, 0.972981858977931, 0.008256998256755159, 0.15548527753476668, 2.049967366961675E-5]
|0|0|0|0|0|
|0|0|0|0|0|
|0|0|0|0|0|
|0|2|0|0|0|

Wähle zufällig (Zustand unbekannt)
1
|0|0|0|0|0|
|0|0|0|0|0|
|0|0|0|0|0|
|0|2|0|1|0|

[5.776426345559152E-6, 0.5214238241643915, 9.427688454213425E-7, 0.8653221302973417, 0.7756115592760704]
|0|0|0|0|0|
|0|0|0|0|0|
|0|0|0|2|0|
|0|2|0|1|0|

Wähle zufällig (Zustand unbekannt)
3
|0|0|0|0|0|
|0|0|0|1|0|
|0|0|0|2|0|
|0|2|0|1|0|

[1.2917387561599398E-6, 0.08500577786375799, 5.485721735923184E-6, 0.9604894514609615, 0.751375899335236]
|0|0|0|2|0|
|0|0|0|1|0|
|0|0|0|2|0|
|0|2|0|1|0|

Wähle zufällig (Zustand unbekannt)
5
|0|0|0|2|0|
|0|0|0|1|0|
|0|0|0|2|0|
|0|2|0|1|1|

[5.146133822841643E-7, 0.0015964546249655127, 7.679625804091614E-6, 2.035378234780337E-4, 0.9999569325496864]
|0|0|0|2|0|
|0|0|0|1|0|
|0|0|0|2|2|
|0|2|0|1|1|

Wähle zufällig (Zustand unbekannt)
7
|0|0|0|2|0|
|0|0|0|1|0|
|0|1|0|2|2|
|0|2|0|1|1|

[9.3943280106307E-4, 0.013332462616426944, 2.459092680817174E-4, 0.5993554312574614, 0.6072031775109967]
|0|0|0|2|0|
|0|0|0|1|2|
|0|1|0|2|2|
|0|2|0|1|1|

Wähle zufällig (Zustand unbekannt)
9
|0|0|0|2|0|
|0|0|0|1|2|
|0|1|0|2|2|
|1|2|0|1|1|

[0.010910650440111908, 0.42939044791469394, 0.0806551054640719, 0.005841152120269527, 2.322778305798339E-6]
|0|0|0|2|0|
|0|2|0|1|2|
|0|1|0|2|2|
|1|2|0|1|1|

Wähle zufällig (Zustand unbekannt)
11
|0|0|0|2|0|
|0|2|0|1|2|
|1|1|0|2|2|
|1|2|0|1|1|

[0.9928117595076994, 5.10487325280425E-4, 2.5701111069036604E-5, 9.754070220879234E-4, 1.9734861710328798E-4]
|0|0|0|2|0|
|2|2|0|1|2|
|1|1|0|2|2|
|1|2|0|1|1|

Wähle zufällig (Zustand unbekannt)
13
|0|0|0|2|1|
|2|2|0|1|2|
|1|1|0|2|2|
|1|2|0|1|1|

[0.04334035807050539, 0.9823104423597597, 1.7758862591076314E-4, 6.092940821385853E-7, 6.486570190392116E-6]
|0|2|0|2|1|
|2|2|0|1|2|
|1|1|0|2|2|
|1|2|0|1|1|

Wähle zufällig (Zustand unbekannt)
15
|1|2|0|2|1|
|2|2|0|1|2|
|1|1|0|2|2|
|1|2|0|1|1|

[2.434241663707244E-6, 5.135451445893014E-6, 0.18159741242528613, 2.1022919442775418E-5, 0.0014232741770424638]
|1|2|0|2|1|
|2|2|0|1|2|
|1|1|0|2|2|
|1|2|2|1|1|

---------------------------------
Spieler 2 hat nach 17 Spielzuegen gewonnen
---------------------------------