Wähle aus 1 Möglichkeiten
Wähle Möglichkeiten Nr. 1
{0=-17.002623456849083, 1=-6.338461275288471, 2=-0.2351383677340582, 3=-6.98956042926386, 4=-5.373419104279751}
0
|0|0|0|0|0|
|0|0|0|0|0|
|0|0|0|0|0|
|0|0|1|0|0|

[7.670619751694455E-5, 0.975481087293401, 0.014967969773840432, 0.146846234919162, 4.687234376565263E-5]
|0|0|0|0|0|
|0|0|0|0|0|
|0|0|0|0|0|
|0|2|1|0|0|

Wähle aus 1 Möglichkeiten
Wähle Möglichkeiten Nr. 1
{0=-10.818929504307404, 1=-0.27544853244867196, 2=4.255518258174543, 3=1.3679735554838768, 4=1.3003870240044513}
2
|0|0|0|0|0|
|0|0|0|0|0|
|0|0|1|0|0|
|0|2|1|0|0|

[2.567721292538081E-5, 0.08351618130640438, 0.9977009732162486, 2.0815933011457692E-4, 5.190242997647525E-6]
|0|0|0|0|0|
|0|0|2|0|0|
|0|0|1|0|0|
|0|2|1|0|0|

Wähle aus 1 Möglichkeiten
Wähle Möglichkeiten Nr. 1
{0=-14.709350428270808, 1=1.5064469563270462, 2=-26.33820148095959, 3=-22.09749497667622, 4=-0.7311448552651059}
4
|0|0|0|0|0|
|0|0|2|0|0|
|0|1|1|0|0|
|0|2|1|0|0|

[0.0027337203697549075, 0.591921818784768, 0.20415521167853332, 0.03330831470602813, 1.7082649904491951E-7]
|0|0|0|0|0|
|0|2|2|0|0|
|0|1|1|0|0|
|0|2|1|0|0|

Wähle aus 1 Möglichkeiten
Wähle Möglichkeiten Nr. 1
{0=0.0, 1=-0.03679833333333335, 2=-2.225392222222223, 3=9.904868325356379, 4=1.4529802666666667}
6
|0|0|0|0|0|
|0|2|2|0|0|
|0|1|1|0|0|
|0|2|1|1|0|

[1.2864648900777583E-5, 0.6357865319189671, 0.0013498472139974154, 0.2352038291133918, 0.8043898635473707]
|0|0|0|0|0|
|0|2|2|0|0|
|0|1|1|0|0|
|0|2|1|1|2|

Wähle zufällig (Zustand unbekannt)
8
|0|0|0|0|0|
|0|2|2|0|0|
|0|1|1|1|0|
|0|2|1|1|2|

---------------------------------
Spieler 1 hat nach 9 Spielzuegen gewonnen
---------------------------------