[9.865851770620824E-6, 0.972981858977931, 0.008256998256755159, 0.15548527753476668, 2.049967366961675E-5]
|0|0|0|0|0|
|0|0|0|0|0|
|0|0|0|0|0|
|0|2|0|0|0|

W채hle zuf채llig (Zustand unbekannt)
1
|0|0|0|0|0|
|0|0|0|0|0|
|0|0|0|0|0|
|0|2|1|0|0|

[7.809534465495441E-4, 0.9251361146216015, 2.9135498009298465E-4, 0.822998569898955, 0.001032732729507121]
|0|0|0|0|0|
|0|0|0|0|0|
|0|2|0|0|0|
|0|2|1|0|0|

W채hle zuf채llig (Zustand unbekannt)
3
|0|0|0|0|0|
|0|0|0|0|0|
|0|2|0|0|0|
|0|2|1|1|0|

[7.1078101205912775E-6, 0.9132936756064716, 5.575843197418046E-4, 0.9048961933440648, 0.19260418161014572]
|0|0|0|0|0|
|0|2|0|0|0|
|0|2|0|0|0|
|0|2|1|1|0|

---------------------------------
Spieler 2 hat nach 5 Spielzuegen gewonnen
---------------------------------